137936
138130
138231
138332
138534
138837
139233
139435
139637
139839
140117
140319
140420
140824
140925
141119
141422
141826
142828
143224
143325
143426
143830
146533
147030
147636
147737
148032
148133
148335
148436
148840
149236
149337
149539
149741
149842
150524
150625
150726
150928
151021
151526
151728
152225
152427
152831
153025
153126
153227
153429
153631
154330
154431
199655
199958
200008
200109
200210
200311
200513
200614
200917
201111
201414
201515
201818
202113
202719
202820
203418
203923
204016
204218
204319
204420
204521
204622
205119
205220
205725
205826
206222
206323
206525
206727
206828
206929
207123
207426
208024
208125
208226
208327
208428
208630
209127
209228
